600656 100.0
000594 100.0
002506 100.0
300078 100.0
000510 98.73467
601268 98.64865
002240 97.53654
002359 93.23899
002476 92.84802
000403 92.439804
002464 91.77215
002264 89.83957
002010 89.29233
600649 88.90219
300110 88.26816
000982 88.00123
002036 87.96396
002473 87.93388
002316 86.76131
600600 86.672035
000520 86.14387
002722 85.71429
002630 85.05508
002071 85.0
002159 84.77311
000809 84.63427
600076 84.44022
600557 84.23455
600983 84.220055
002353 83.99537
000553 83.96315
002290 83.863846
002656 83.68794
600747 83.495834
002660 83.39293
603369 83.36041
000715 82.58707
600389 82.57363
000693 82.55785
603328 82.51748
600563 82.488144
000962 82.47969
600638 81.91186
600597 81.533
600817 81.4554
300241 81.27925
600535 81.14199
000863 81.01149
002188 80.11566
000761 80.087524
002255 80.07576
000823 79.97124
603699 79.8873
002648 79.75952
600575 79.38144
300200 79.163765
002484 78.71403
000921 78.59182
600438 78.32512
600293 78.28398
600679 78.21199
000759 78.1657
002306 78.1525
600258 78.11033
002186 77.840416
002637 77.76302
002513 77.75665
000049 77.74145
600209 77.6897
002461 77.65958
000536 77.53647
600405 77.40003
000895 77.23577
002661 77.15617
002709 77.04
600566 76.96119
002234 76.90941
000963 76.88962
600766 76.760735
002716 76.73333
000793 76.71554
300106 76.71488
601231 76.69527
002574 76.61858
002001 76.49201
000848 76.39514
000570 76.39225
300080 76.39039
300282 76.13805
002723 76.054665
300141 75.96774
300008 75.898155
002249 75.89404
002355 75.79462
000957 75.743774
600636 75.72387
002566 75.7158
002299 75.68094
000692 75.568184
600967 75.54675
