300002
300003
300005
300010
300011
300016
300034
300036
300038
300045
300048
300055
300058
300065
300070
300071
300072
300073
300075
300079
300104
300117
300139
300150
300156
300157
300166
300182
300191
300200
300204
300212
300213
300223
300229
300231
300251
300271
300282
300287
300289
300291
300296
300302
300309
300312
300315
300318
300324
300332
300344
300352
300353
300364
300365
300367
300369
300370
300374
300379
300383
300384
300386
300392
300399
300406
300418
300419
300430
300431
300444
300445
300446
300449
300455
300456
300465
300472
300477
300485
300496
001979
002005
002008
002016
002017
002027
002030
002031
002035
002045
002047
002052
002054
002055
002060
002063
002076
002084
002101
002105
002106
002121
002130
002137
002138
002139
002141
002152
002161
002163
002167
002168
002169
002170
002177
002180
002181
002183
002187
002191
002192
002197
002198
002209
002210
002212
002213
002215
002218
002227
002233
002238
002240
002243
002249
002256
002260
002285
002288
002289
002291
002292
002294
002295
002301
002303
002308
002311
002313
002314
002316
002317
002319
002325
002327
002334
002336
002340
002341
002345
002348
002351
002356
002369
002387
002388
002399
002400
002402
002416
002419
002420
002421
002425
002429
002431
002433
002436
002441
002446
002449
002456
002461
002465
002475
002482
002492
002495
002502
002503
002511
002512
002518
002528
002543
002544
002548
002551
002572
002575
002577
002579
002583
002584
002587
002594
002600
002609
002611
002616
002618
002620
002638
002654
002656
002660
002663
002666
002668
002670
002672
002676
002678
002681
002683
002684
002705
002709
002715
002717
002723
002724
002728
002732
002733
002735
002736
002740
002741
002745
002751
002757
002759
002762
002763
002766
002768
002769
002775
002776
002781
002782
002786
300012
300014
300030
300037
300042
300043
300044
300047
300050
300052
300053
300057
300063
300077
300083
300085
300089
300093
300094
300098
300112
300115
300124
300130
300131
300134
300136
300143
300146
300147
300149
300151
300154
300155
300162
300167
300173
300176
300177
300178
300193
300197
300199
300206
300207
300219
300221
300227
300232
300235
300238
300241
300242
300246
300252
300264
300269
300273
300277
300281
300297
300301
300303
300310
300311
300317
300319
300322
300328
300333
300335
300340
300348
300350
300359
300376
300377
300381
300389
300400
300403
300404
300408
300409
300410
300415
300417
300424
300433
300448
300457
300458
300460
300464
300468
300476
300482
300498
300499
002022
002028
002058
002116
002158
002162
002178
002184
002195
002252
002269
002278
002324
002328
002346
002401
002451
002454
002486
002506
002527
002561
002565
002568
002605
002636
002669
002706
300008
300017
300039
300059
300061
300067
300074
300126
300129
300153
300168
300170
300171
300180
300222
300225
300226
300230
300236
300245
300253
300262
300272
300286
300326
300327
300330
300336
300378
300380
300398
300442
300462
300483
300493
300501
002001
002003
002006
002010
002011
002012
002019
002020
002021
002032
002034
002036
002043
002048
002050
002056
002061
002062
002064
002067
002082
002085
002095
002099
002103
002112
002115
002119
002120
002122
002124
002126
002131
002133
002135
002142
002144
002154
002164
002173
002188
002196
002199
002203
002206
002214
002224
002236
002244
002247
002250
002263
002266
002273
002276
002280
002284
002318
002322
002326
002332
002343
002344
002364
002370
002372
002375
002381
002389
002403
002404
002415
002418
002427
002430
002434
002440
002443
002444
002468
002472
002473
002479
002488
002489
002493
002508
002515
002520
002522
002532
002534
002552
002562
002563
002569
002570
002574
002586
002590
002602
002615
002617
002619
002624
002625
002632
002633
002634
002637
002641
002647
002648
002664
002677
002686
002687
002699
002703
002712
002718
002725
002730
002756
002758
002767
002779
300020
300025
300027
300032
300033
300068
300069
300076
300078
300100
300111
300113
300118
300133
300144
300145
300163
300181
300203
300234
300244
300250
300256
300257
300266
300270
300283
300300
300306
300307
300314
300316
300329
300347
300349
300351
300357
300360
300401
300411
300412
300426
300435
300439
300441
300451
300459
300461
300478
300488