600000 20121231 992 4.48 4444 20130204 1207 4.48 5407 20130220 1081 4.48 4843 35 16 0.21669662 0.1043092 
600000 20130912 1225 4.48 5488 20130912 1225 4.48 5488 20130917 1083 4.48 4852 0 5 0.0 0.11588919 
600004 20130121 748 1.2 898 20130208 773 1.2 928 20130328 689 1.2 827 18 48 0.03340757 0.10883623 
600004 20140804 753 1.2 904 20141211 1271 1.2 1525 20141223 1127 1.2 1352 129 12 0.68694687 0.1134426 
600005 20141030 249 4.25 1059 20141222 374 4.25 1590 20141224 335 4.25 1425 53 2 0.50141644 0.103773594 
600006 20130513 373 2.66 995 20130513 373 2.66 995 20130523 331 2.66 883 0 10 0.0 0.112562835 
600006 20140813 354 2.66 944 20141014 610 2.66 1627 20141024 533 2.66 1421 62 10 0.72351694 0.12661338 
600007 20120507 1110 1.0 1110 20120511 1119 1.0 1119 20120718 997 1.0 997 4 68 0.008108139 0.109025896 
600007 20121226 1140 1.0 1140 20130222 1218 1.0 1218 20130415 1085 1.0 1085 58 52 0.068421006 0.10919541 
600007 20130906 1294 1.0 1294 20130910 1322 1.0 1322 20130917 1158 1.0 1158 4 7 0.021638274 0.12405449 
600007 20141031 1239 1.0 1239 20141211 1563 1.0 1563 20141224 1398 1.0 1398 41 13 0.2615012 0.1055662 
600008 20130301 611 2.43 1490 20130327 818 2.43 1994 20130410 722 2.43 1760 26 14 0.33825505 0.11735207 
600008 20130521 847 2.43 2065 20130521 847 2.43 2065 20130607 739 2.43 1802 0 17 0.0 0.12736076 
600008 20140917 793 2.43 1933 20141009 801 2.43 1953 20141024 720 2.43 1755 22 15 0.010346651 0.101382494 
600009 20130218 1361 2.57 3500 20130308 1368 2.57 3518 20130415 1218 2.57 3132 18 38 0.005142808 0.10972142 
600009 20130826 1447 2.57 3721 20130912 1682 2.57 4325 20130917 1494 2.57 3842 17 5 0.16232193 0.111676276 
600010 20140813 526 2.8 1473 20141009 293 5.6 1641 20141022 262 5.6 1467 57 13 0.11405301 0.10603291 
600011 20120605 605 2.38 1443 20120718 715 2.38 1705 20120828 636 2.38 1517 43 41 0.18156624 0.11026394 
600011 20130517 717 2.38 1710 20130517 717 2.38 1710 20130524 643 2.38 1533 0 7 0.0 0.10350877 
600011 20140708 590 2.38 1407 20150105 936 2.38 2232 20150112 822 2.38 1960 181 7 0.5863539 0.12186378 
600012 20130912 424 1.28 545 20130913 466 1.28 599 20130926 406 1.28 522 1 13 0.09908259 0.12854761 
600012 20140527 466 1.28 599 20140528 471 1.28 606 20140619 422 1.28 543 1 22 0.011686087 0.103960395 
600012 20140915 471 1.28 606 20150106 669 1.28 860 20150114 598 1.28 769 113 8 0.4191419 0.10581398 
600015 20130204 1209 1.4 1693 20130206 1220 1.4 1708 20130221 1066 1.4 1492 2 15 0.008859992 0.12646371 
600015 20131204 879 1.95 1723 20131204 879 1.95 1723 20131219 787 1.95 1543 0 15 0.0 0.10446894 
600015 20140408 893 1.95 1750 20140410 893 1.95 1750 20140710 764 1.95 1497 2 91 0.0 0.14457142 
600016 20111102 627 11.4 7164 20120507 682 11.4 7793 20120608 608 11.4 6947 187 32 0.087800145 0.10855895 
600016 20121207 685 11.4 7827 20130205 1171 11.4 13380 20130208 1052 11.4 12020 60 3 0.7094672 0.10164422 
600017 20140703 321 3.0 963 20140703 321 3.0 963 20140707 282 3.0 846 0 4 0.0 0.12149531 
600017 20140902 321 3.0 963 20141110 445 3.0 1335 20141114 394 3.0 1182 69 4 0.38629282 0.11460674 
600018 20130826 309 11.2 3476 20130911 689 11.2 7751 20130917 587 11.2 6604 16 6 1.229862 0.14798093 
600018 20130924 691 11.2 7774 20130925 693 11.2 7796 20130927 564 11.2 6345 1 2 0.0028299093 0.1861211 
600019 20140806 470 1.12 529 20140806 470 1.12 529 20140922 423 1.12 476 0 47 0.0 0.10018903 
600020 20140820 242 2.52 610 20150106 424 2.52 1068 20150114 377 2.52 950 139 8 0.7508197 0.110486865 
600021 20131015 490 1.54 756 20131024 612 1.54 944 20131031 540 1.54 833 9 7 0.24867725 0.117584765 
600022 20140916 203 3.78 767 20141113 281 3.78 1062 20141120 248 3.78 937 58 7 0.38461542 0.117702425 
600023 20131219 888 1.0 888 20131219 888 1.0 888 20131220 799 1.0 799 0 1 0.0 0.10022521 
600026 20130909 502 1.12 565 20130910 552 1.12 621 20130916 496 1.12 558 1 6 0.099115014 0.10144925 
600026 20140903 560 1.12 630 20140909 566 1.12 637 20141023 495 1.12 557 6 44 0.01111114 0.12558872 
600026 20141029 569 1.12 640 20141201 716 1.12 806 20141209 630 1.12 709 33 8 0.25937498 0.12034738 
600027 20120613 382 1.4 535 20120710 456 1.4 638 20120730 409 1.4 573 27 20 0.19252336 0.10188085 
600027 20130306 457 1.4 640 20130312 467 1.4 654 20130416 417 1.4 584 6 35 0.021875024 0.10703361 
600027 20140714 352 1.4 493 20140925 414 1.4 580 20141027 371 1.4 519 73 32 0.17647064 0.105172396 
600027 20141030 432 1.4 605 20141222 738 1.4 1033 20150109 646 1.4 904 53 18 0.707438 0.124879 
600028 20130322 772 1.25 965 20130322 772 1.25 965 20130415 686 1.25 858 0 24 0.0 0.11088085 
600028 20140827 544 1.66 907 20140905 574 1.66 957 20141017 515 1.66 858 9 42 0.055126786 0.10344827 
600029 20140929 299 1.5 449 20141219 593 1.5 890 20141223 519 1.5 779 81 4 0.9821826 0.12471908 
600030 20120523 1360 3.14 4284 20120601 1388 3.14 4372 20120625 1231 3.14 3878 9 24 0.020541549 0.11299175 
600030 20130128 1434 3.14 4517 20130201 1574 3.14 4958 20130221 1391 3.14 4382 4 20 0.097631216 0.11617589 
600030 20140804 1361 3.14 4287 20141217 3275 3.14 10316 20141224 2820 3.14 8883 135 7 1.4063447 0.13891041 
600033 20140618 226 5.06 1144 20141215 418 5.06 2116 20150112 362 5.06 1833 180 28 0.8496504 0.13374293 
600035 20130201 375 1.25 469 20130308 384 1.25 480 20130318 342 1.25 428 35 10 0.02345419 0.10833335 
600035 20140820 267 1.66 445 20141204 473 1.66 788 20141209 418 1.66 697 106 5 0.7707865 0.11548221 
600036 20121231 1375 2.70 3713 20130201 1478 2.70 3991 20130222 1307 2.70 3529 32 21 0.07487202 0.115760446 
600037 20130918 847 4.23 3584 20131014 1040 4.23 4401 20131016 927 4.23 3923 26 2 0.2279576 0.1086117 
600037 20140422 1048 4.23 4435 20140605 1134 4.23 4799 20140619 1019 4.23 4312 44 14 0.082074404 0.10147947 
600037 20140815 1171 4.23 4955 20141020 1674 4.23 7084 20141104 1460 4.23 6178 66 15 0.429667 0.12789387 
600038 20130207 2386 2.98 7126 20130305 2815 2.98 8407 20130313 2427 2.98 7249 26 8 0.17976427 0.13774234 
600038 20130529 2837 2.98 8473 20130529 2837 2.98 8473 20130613 2492 2.98 7443 0 15 0.0 0.1215626 
600038 20130909 2862 2.98 8548 20130909 2862 2.98 8548 20130930 2574 2.98 7688 0 21 0.0 0.10060835 
600038 20131119 2873 2.98 8581 20131120 3092 2.98 9235 20131216 2743 2.98 8192 1 26 0.07621491 0.112939894 
600038 20140901 3119 2.98 9315 20141015 4094 2.98 12227 20141110 3579 2.98 10689 44 26 0.31261408 0.1257872 
600039 20120507 1044 1.75 1827 20120508 1055 1.75 1846 20120517 527 3.14 1660 1 9 0.01039958 0.100758374 
600039 20120806 594 3.14 1871 20120807 629 3.14 1981 20120814 561 3.14 1767 1 7 0.058792114 0.108026266 
600039 20121212 649 3.14 2044 20130218 846 3.14 2665 20130226 748 3.14 2356 68 8 0.30381608 0.115947485 
600039 20140904 712 3.14 2243 20141009 508 6.29 3200 20141023 448 6.29 2822 35 14 0.42666078 0.11812502 
600048 20120224 1170 8.81 10315 20120224 1170 8.81 10315 20120326 1052 8.81 9275 0 31 0.0 0.10082406 
600048 20120411 1178 8.81 10386 20120614 1471 8.81 12969 20120625 1094 10.5 11574 64 11 0.24870014 0.10756421 
600048 20120706 1282 10.5 13563 20120709 1300 10.5 13753 20120719 1156 10.5 12230 3 10 0.014008641 0.11073947 
600048 20121226 1309 10.5 13849 20130118 1429 10.5 15118 20130219 1222 10.5 12928 23 32 0.091631174 0.14486045 
600050 20141009 363 1.16 424 20141208 488 1.16 569 20141215 439 1.16 512 60 7 0.34198117 0.10017574 
600051 20140410 941 3.18 3001 20140410 941 3.18 3001 20140421 827 3.18 2638 0 11 0.0 0.1209597 
600051 20140828 971 3.18 3097 20141201 1042 3.18 3323 20141222 879 3.18 2803 95 21 0.07297385 0.15648508 
600052 20120424 539 3.0 1617 20120425 593 3.0 1779 20120502 529 3.0 1587 1 7 0.10018551 0.10792577 
600052 20140619 397 3.0 1191 20140630 608 3.0 1824 20140721 515 3.0 1545 11 21 0.53148615 0.15296054 
600052 20140918 617 3.0 1851 20141104 809 3.0 2427 20141111 716 3.0 2148 47 7 0.3111831 0.11495674 
600053 20121130 782 2.08 1629 20121130 782 2.08 1629 20121204 699 2.08 1456 0 4 0.0 0.1062001 
600053 20130308 821 2.08 1710 20130528 847 2.08 1764 20130606 753 2.08 1568 81 9 0.0315789 0.111111104 
600053 20140702 848 2.08 1766 20141015 1166 2.08 2429 20141022 1034 2.08 2154 105 7 0.37542474 0.11321533 
600054 20140725 1309 2.31 3029 20150422 2165 2.31 5010 20150505 1918 2.31 4439 271 13 0.65401125 0.11397207 
600055 20130305 1245 4.82 6003 20130307 1270 4.82 6123 20130313 1122 4.82 5410 2 6 0.019989967 0.1164462 
600055 20130527 1307 4.82 6302 20130530 1330 4.82 6412 20130606 1159 4.82 5588 3 7 0.017454743 0.12850904 
600055 20140210 1340 4.82 6461 20141008 2191 4.82 10564 20141016 1966 4.82 9479 240 8 0.635041 0.10270733 
600055 20141028 2200 4.82 10607 20141125 2503 4.82 12068 20141203 2246 4.82 10829 28 8 0.13773918 0.102668226 
600056 20140716 1316 9.45 12436 20141015 1468 9.45 13873 20141023 1316 9.45 12436 91 8 0.11555159 0.1035825 
600057 20110829 794 6.20 4924 20110829 794 6.20 4924 20110831 704 6.20 4366 0 2 0.0 0.1133225 
600057 20130827 503 6.20 3119 20130828 553 6.20 3429 20130902 468 6.20 2902 1 5 0.099390864 0.15368915 
600057 20131113 573 6.20 3553 20131204 706 6.20 4378 20140116 615 6.20 3814 21 43 0.23219812 0.12882596 
600057 20140218 709 6.20 4397 20140219 729 6.20 4521 20140225 646 6.20 4006 1 6 0.028201103 0.11391288 
600057 20140723 729 6.20 4521 20141029 1165 6.20 7225 20141111 1014 6.20 6288 98 13 0.5980978 0.12968856 
600059 20120517 1384 5.76 7972 20120524 1624 5.76 9354 20120608 1454 5.76 8375 7 15 0.17335677 0.10466111 
600060 20120220 1624 3.30 5371 20120312 2145 3.30 7095 20120314 1929 3.30 6380 21 2 0.32098305 0.10077518 
600060 20130409 1368 4.96 6787 20130424 1673 4.96 8300 20130502 1431 4.96 7100 15 8 0.22292614 0.14457834 
600061 20130827 614 4.62 2842 20130910 713 4.62 3300 20130917 623 4.62 2884 14 7 0.16115415 0.1260606 
600061 20140325 717 4.62 3319 20140328 721 4.62 3337 20140428 608 4.62 2814 3 31 0.0054233074 0.15672761 
600062 20121009 2406 3.60 8662 20121011 2472 3.60 8899 20121113 2200 3.60 7920 2 33 0.027360916 0.11001235 
600062 20130114 2516 3.60 9058 20130306 2797 3.60 10069 20130329 2453 3.60 8831 51 23 0.11161399 0.12295163 
600062 20141015 2283 3.60 8219 20141017 2345 3.60 8442 20141027 2101 3.60 7564 2 10 0.027132273 0.10400379 
600063 20140707 270 10.3 2799 20141014 466 10.3 4831 20141021 414 10.3 4292 99 7 0.7259736 0.11157107 
600064 20130115 1242 3.52 4382 20130206 1295 3.52 4569 20130222 1163 3.52 4103 22 16 0.04267454 0.10199165 
600064 20140915 1264 3.52 4459 20141217 1886 3.52 6654 20141223 1668 3.52 5885 93 6 0.49226284 0.11556959 
600066 20120411 2631 8.50 22377 20120416 2690 8.50 22878 20120509 2400 8.50 20412 5 23 0.022389054 0.10778916 
600066 20130118 2721 8.50 23142 20130208 2982 8.50 25362 20130226 2670 8.50 22708 21 18 0.0959295 0.104644716 
600066 20130507 2998 8.50 25498 20130702 2005 15.3 30695 20130709 1783 15.3 27296 56 7 0.20381987 0.11073464 
600067 20120612 622 16.0 9987 20120613 634 16.0 10180 20120625 569 16.0 9136 1 12 0.019325137 0.10255402 
600067 20121231 656 16.0 10533 20130114 726 16.0 11657 20130131 641 16.0 10292 14 17 0.10671222 0.11709702 
600067 20130517 730 16.0 11721 20130603 900 16.0 14451 20130607 807 16.0 12957 17 4 0.23291528 0.10338384 
600067 20130711 913 16.0 14659 20130711 913 16.0 14659 20130719 804 16.0 12909 0 8 0.0 0.11938059 
600068 20140930 477 3.21 1533 20141219 947 3.21 3044 20141223 829 3.21 2665 80 4 0.9856491 0.12450725 
600069 20140826 484 5.48 2655 20140827 510 5.48 2798 20140829 453 5.48 2485 1 2 0.053860664 0.11186564 
600069 20141008 513 5.48 2814 20141205 558 5.48 3061 20141223 480 5.48 2633 58 18 0.08777535 0.13982362 
600070 20140617 636 4.77 3039 20140709 777 4.77 3713 20140724 699 4.77 3340 22 15 0.22178352 0.10045785 
600070 20140819 778 4.77 3718 20140930 1232 4.77 5887 20141022 1091 4.77 5214 42 22 0.5833782 0.11431968 
600071 20140620 846 3.57 3021 20140702 1428 3.57 5100 20140704 1285 3.57 4589 12 2 0.6881827 0.10019606 
600071 20140711 1526 3.57 5450 20140714 1679 3.57 5996 20140724 1361 3.57 4861 3 10 0.10018349 0.18929285 
600071 20140730 1680 3.57 6000 20140808 1771 3.57 6325 20140821 1541 3.57 5504 9 13 0.054166675 0.12980235 
600072 20140930 1412 2.52 3558 20141010 1438 2.52 3624 20141021 1238 2.52 3120 10 11 0.0185498 0.13907284 
600073 20130219 763 2.25 1717 20130326 900 2.25 2025 20130403 758 2.25 1706 35 8 0.17938268 0.15753084 
600073 20130923 968 2.25 2178 20131015 1181 2.25 2657 20131023 1002 2.25 2255 22 8 0.2199266 0.15129846 
600074 20130305 455 6.56 2985 20130305 455 6.56 2985 20130402 406 6.56 2664 0 28 0.0 0.10753769 
600074 20140528 371 8.20 3043 20140605 597 8.20 4896 20140609 537 8.20 4404 8 4 0.6089386 0.10049021 
600074 20140612 600 8.20 4921 20140612 600 8.20 4921 20140619 536 8.20 4396 0 7 0.0 0.10668564 
600074 20140904 624 8.20 5118 20140909 676 8.20 5544 20141209 579 8.20 4749 5 91 0.08323562 0.14339828 
600075 20130529 858 6.07 5212 20130529 858 6.07 5212 20130604 770 6.07 4678 0 6 0.0 0.102455854 
600076 20130206 480 4.0 1920 20130218 501 4.0 2004 20130308 450 4.0 1800 12 18 0.043750048 0.10179639 
600076 20130321 540 4.0 2160 20130326 556 4.0 2224 20130401 488 4.0 1952 5 6 0.029629588 0.122302175 
600076 20131018 557 4.0 2228 20131022 596 4.0 2384 20131029 518 4.0 2072 4 7 0.070017934 0.13087249 
600076 20140826 600 4.0 2400 20141204 813 4.0 3252 20141209 679 4.0 2716 100 5 0.35500002 0.16482162 
600077 20120413 1186 3.52 4182 20120531 1480 3.52 5219 20120620 1318 3.52 4648 48 20 0.24796748 0.10940796 
600077 20140926 539 7.05 3802 20141013 602 7.05 4246 20141021 538 7.05 3795 17 8 0.11678064 0.10621762 
600078 20110830 1320 5.18 6843 20110922 1393 5.18 7221 20110928 1135 5.18 5884 23 6 0.055238962 0.18515444 
600078 20140910 691 5.18 3582 20141113 928 5.18 4811 20141209 791 5.18 4101 64 26 0.34310436 0.14757848 
600079 20130108 2421 7.42 17980 20130220 2698 7.42 20037 20130410 2396 7.42 17795 43 49 0.11440492 0.111893 
600079 20130528 2861 7.42 21248 20130528 2861 7.42 21248 20130624 2560 7.42 19013 0 27 0.0 0.10518634 
600079 20130711 2956 7.42 21953 20130827 3435 7.42 25511 20130917 3087 7.42 22926 47 21 0.1620735 0.10132885 
600080 20120607 874 4.32 3776 20120607 874 4.32 3776 20120620 778 4.32 3361 0 13 0.0 0.10990465 
600080 20120713 939 4.32 4056 20120718 1007 4.32 4350 20120725 905 4.32 3910 5 7 0.07248521 0.10114944 
600080 20130910 908 4.32 3923 20131015 1023 4.32 4419 20131025 900 4.32 3888 35 10 0.12643385 0.120162904 
600080 20140224 1084 4.32 4683 20140226 1226 4.32 5296 20140306 1079 4.32 4661 2 8 0.13089895 0.119901836 
600080 20140808 1249 4.32 5396 20140813 1294 4.32 5590 20140826 1152 4.32 4977 5 13 0.035952568 0.10966009 
600080 20140905 1333 4.32 5759 20140922 1408 4.32 6083 20141017 1220 4.32 5270 17 25 0.05625975 0.13365114 
600081 20130926 798 5.4 4309 20131011 1011 5.4 5459 20131023 899 5.4 4855 15 12 0.26688325 0.11064297 
600081 20140306 1068 5.4 5767 20140318 1152 5.4 6221 20140320 1021 5.4 5513 12 2 0.07872379 0.113808095 
600081 20140508 1180 5.4 6372 20140529 1415 5.4 7641 20140619 1270 5.4 6858 21 21 0.19915259 0.1024735 
600081 20140704 1512 5.4 8165 20140716 1586 5.4 8564 20140725 1389 5.4 7501 12 9 0.048867106 0.12412423 
600082 20120810 593 5.06 3002 20120810 593 5.06 3002 20120815 532 5.06 2693 0 5 0.0 0.10293138 
600082 20130830 530 5.06 2683 20130830 530 5.06 2683 20130903 460 5.06 2329 0 4 0.0 0.13194185 
600082 20131011 543 5.06 2749 20131011 543 5.06 2749 20131016 485 5.06 2455 0 5 0.0 0.10694796 
600082 20131022 545 5.06 2759 20131022 545 5.06 2759 20131028 483 5.06 2445 0 6 0.0 0.11380935 
600082 20131120 553 5.06 2800 20131121 569 5.06 2881 20131217 511 5.06 2587 1 26 0.028928518 0.10204792 
600082 20141010 578 5.06 2926 20141015 590 5.06 2987 20141023 528 5.06 2673 5 8 0.020847559 0.10512221 
600082 20141028 616 5.06 3119 20141208 855 5.06 4328 20141217 768 5.06 3888 41 9 0.38762426 0.10166359 
600083 20130122 621 3.11 1932 20130122 621 3.11 1932 20130204 548 3.11 1705 0 13 0.0 0.11749482 
600083 20130227 638 3.11 1985 20130305 658 3.11 2047 20130416 586 3.11 1823 6 42 0.031234264 0.109428406 
600083 20130529 703 3.11 2187 20130603 712 3.11 2215 20130624 625 3.11 1944 5 21 0.0128029585 0.12234765 
600083 20130913 720 3.11 2240 20130923 812 3.11 2526 20130926 730 3.11 2271 10 3 0.12767851 0.10095012 
600083 20131030 865 3.11 2691 20131030 865 3.11 2691 20131202 732 3.11 2277 0 33 0.0 0.15384614 
600083 20140902 865 3.11 2691 20141106 1171 3.11 3643 20141111 1047 3.11 3257 65 5 0.3537718 0.105956614 
600084 20140806 462 5.78 2673 20140808 541 5.78 3130 20140828 478 5.78 2766 2 20 0.17096889 0.11629391 
600084 20141017 584 5.78 3379 20141017 584 5.78 3379 20141023 521 5.78 3014 0 6 0.0 0.10802013 
600085 20130110 1910 9.29 17760 20130509 2478 9.29 23042 20130613 2192 9.29 20382 119 35 0.2974099 0.11544138 
600086 20121224 1982 2.8 5550 20130107 2364 2.8 6619 20130123 2119 2.8 5933 14 16 0.19261265 0.10364103 
600086 20130228 2369 2.8 6633 20130228 2369 2.8 6633 20130313 2119 2.8 5933 0 13 0.0 0.105532944 
600086 20130703 2454 2.8 6871 20130716 2534 2.8 7095 20130726 2218 2.8 6210 13 10 0.03260076 0.12473571 
600088 20130517 1448 2.25 3258 20130906 2186 2.25 4919 20130911 1910 2.25 4298 112 5 0.509822 0.1262452 
600088 20130925 2292 2.25 5157 20130930 2488 2.25 5598 20131010 2211 2.25 4975 5 10 0.085514784 0.11128974 
600089 20130522 872 16.9 14761 20130527 939 16.9 15895 20130605 835 16.9 14134 5 9 0.07682407 0.11078954 
600089 20130903 978 16.9 16555 20131022 1311 16.9 22192 20131031 1092 16.9 18485 49 9 0.3405013 0.1670422 
600090 20140904 803 4.09 3289 20150504 1934 4.09 7922 20150506 1669 4.09 6836 242 2 1.4086349 0.13708657 
600091 20130326 505 2.0 1010 20130424 513 2.0 1026 20130606 458 2.0 916 29 43 0.015841603 0.107212484 
600091 20131112 536 2.0 1072 20131127 551 2.0 1102 20131218 492 2.0 984 15 21 0.027985096 0.107078016 
600091 20140804 557 2.0 1114 20140905 702 2.0 1404 20150119 602 2.0 1204 32 136 0.26032317 0.14245015 
600093 20130422 610 4.28 2614 20130521 681 4.28 2919 20130624 595 4.28 2550 29 34 0.11667943 0.12641317 
600093 20131014 686 4.28 2940 20131015 691 4.28 2961 20131029 619 4.28 2653 1 14 0.0071429014 0.10401893 
600093 20140418 714 4.28 3060 20140421 726 4.28 3111 20140428 636 4.28 2726 3 7 0.01666665 0.12375444 
600093 20140925 765 4.28 3279 20141010 1305 4.28 5593 20141017 1097 4.28 4701 15 7 0.7057029 0.15948504 
600094 20140417 633 1.75 1108 20141029 849 1.75 1486 20141205 763 1.75 1335 195 37 0.3411553 0.10161507 
600095 20140818 559 2.56 1431 20141015 749 2.56 1917 20141024 663 2.56 1697 58 9 0.33962262 0.114762664 
600096 20140811 1014 1.85 1886 20140811 1014 1.85 1886 20140825 909 1.85 1690 0 14 0.0 0.10392362 
600097 20130205 1356 1.33 1808 20130305 1439 1.33 1919 20130313 1288 1.33 1717 28 8 0.061393857 0.10526317 
600097 20141016 1411 1.33 1881 20141215 1476 1.33 1968 20141222 1328 1.33 1771 60 7 0.046252012 0.10010165 
600098 20121231 758 3.37 2558 20130301 779 3.37 2629 20130417 699 3.37 2359 60 47 0.027756095 0.10270065 
600098 20141008 562 3.37 1897 20141219 938 3.37 3166 20141223 823 3.37 2778 72 4 0.66895103 0.1225521 
600099 20140417 616 3.2 1971 20140422 669 3.2 2141 20140425 591 3.2 1891 5 3 0.08625066 0.11676788 
600099 20140714 674 3.2 2157 20141008 1070 3.2 3424 20141023 932 3.2 2982 86 15 0.58738995 0.12908876 
600100 20130814 840 15.1 12758 20130826 929 15.1 14109 20130917 835 15.1 12682 12 22 0.10589433 0.101141095 
600100 20130930 930 15.1 14124 20131015 971 15.1 14747 20131025 873 15.1 13259 15 10 0.044109344 0.1009019 
600100 20131202 988 15.1 15005 20140210 1147 15.1 17420 20140310 1019 15.1 15476 70 28 0.16094637 0.11159587 
600103 20140701 300 2.93 882 20140701 300 2.93 882 20140707 268 2.93 788 0 6 0.0 0.106575966 
600103 20140912 310 2.93 911 20150213 443 2.93 1302 20150306 397 2.93 1167 154 21 0.42919874 0.10368663 
