600000 20141110 1055 4.48 4726 20150116 1647 4.48 7379 20150119 1482 4.48 6639 67 3 0.5613626 0.10028458 
600005 20150105 377 4.25 1603 20150105 377 4.25 1603 20150112 336 4.25 1429 0 7 0.0 0.108546495 
600005 20150217 386 4.25 1641 20150302 417 4.25 1773 20150311 375 4.25 1595 13 9 0.08043873 0.100394785 
600005 20150318 438 4.25 1863 20150504 710 4.25 3019 20150506 618 4.25 2628 47 2 0.6205046 0.12951308 
600006 20141216 647 2.66 1725 20141217 668 2.66 1781 20141222 582 2.66 1552 1 5 0.03246379 0.12857944 
600007 20150105 1576 1.0 1576 20150105 1576 1.0 1576 20150112 1410 1.0 1410 0 7 0.0 0.10532993 
600007 20150128 1580 1.0 1580 20150427 1865 1.0 1865 20150506 1655 1.0 1655 89 9 0.18037975 0.112600565 
600008 20141202 861 2.43 2099 20150106 1330 2.43 3242 20150112 1171 2.43 2855 35 6 0.54454505 0.11937076 
600008 20150320 1345 2.43 3279 20150416 1684 2.43 4105 20150505 1463 2.43 3567 27 19 0.25190604 0.1310597 
600009 20141103 1603 2.57 4122 20150105 2053 2.57 5279 20150119 1840 2.57 4731 63 14 0.280689 0.10380757 
600010 20141113 308 5.6 1725 20141219 454 5.6 2542 20141224 405 5.6 2268 36 5 0.47362316 0.10778916 
600010 20150123 462 5.6 2587 20150204 533 5.6 2985 20150206 474 5.6 2654 12 2 0.15384614 0.110887766 
600010 20150313 582 5.6 3259 20150423 728 5.6 4077 20150505 651 5.6 3646 41 12 0.2509972 0.10571498 
600011 20150414 941 2.38 2244 20150504 1236 2.38 2947 20150506 1081 2.38 2578 20 2 0.31327987 0.12521207 
600015 20141111 905 1.95 1774 20141208 1202 1.95 2356 20141215 1074 1.95 2105 27 7 0.3280722 0.10653651 
600015 20141217 1206 1.95 2364 20150115 1357 1.95 2660 20150119 1220 1.95 2391 29 4 0.12521148 0.1011278 
600015 20150407 1371 1.95 2687 20150416 1716 1.95 3363 20150505 1515 1.95 2969 9 19 0.25158167 0.11715728 
600016 20141128 733 13.7 10050 20141208 924 13.7 12669 20141215 823 13.7 11284 10 7 0.260597 0.10932195 
600016 20141217 947 13.7 12984 20141226 1090 13.7 14945 20150119 919 13.7 12601 9 24 0.15103209 0.15684175 
600017 20141210 487 3.0 1461 20141211 497 3.0 1491 20150119 419 3.0 1257 1 39 0.02053392 0.15694165 
600017 20150127 501 3.0 1503 20150128 525 3.0 1575 20150206 454 3.0 1362 1 9 0.047904134 0.13523811 
600017 20150317 539 3.0 1617 20150423 703 3.0 2109 20150506 597 3.0 1791 37 13 0.30426717 0.15078235 
600018 20141219 708 11.2 7965 20141219 708 11.2 7965 20141223 624 11.2 7020 0 4 0.0 0.11864406 
600018 20150316 709 11.2 7976 20150427 1065 11.2 11981 20150506 939 11.2 10564 42 9 0.50213134 0.118270576 
600019 20141110 470 1.12 529 20141222 715 1.12 804 20141224 637 1.12 717 42 2 0.5198488 0.108208954 
600019 20150105 747 1.12 840 20150105 747 1.12 840 20150109 663 1.12 746 0 4 0.0 0.11190474 
600019 20150409 755 1.12 849 20150504 987 1.12 1110 20150506 866 1.12 974 25 2 0.3074205 0.12252253 
600020 20150317 424 2.52 1068 20150428 859 2.52 2165 20150505 763 2.52 1923 42 7 1.0271535 0.11177832 
600021 20141107 606 1.54 935 20141222 829 1.54 1279 20141224 739 1.54 1140 45 2 0.36791444 0.10867864 
600021 20150107 890 1.54 1373 20150107 890 1.54 1373 20150119 792 1.54 1222 0 12 0.0 0.10997814 
600021 20150123 891 1.54 1375 20150205 1385 1.54 2137 20150209 1146 1.54 1768 13 4 0.5541818 0.17267197 
600021 20150319 1418 1.54 2188 20150504 2907 1.54 4485 20150505 2616 1.54 4036 46 1 1.0498171 0.100111485 
600022 20141203 282 3.78 1066 20141222 339 3.78 1281 20150112 295 3.78 1115 19 21 0.20168853 0.12958628 
600022 20150318 342 3.78 1293 20150423 536 3.78 2026 20150505 480 3.78 1814 36 12 0.5668987 0.10463971 
600023 20141211 667 1.33 889 20150107 748 1.33 997 20150112 659 1.33 879 27 5 0.12148476 0.118355036 
600023 20150330 748 1.33 997 20150423 963 1.33 1284 20150506 830 1.33 1107 24 13 0.2878636 0.13785046 
600026 20141216 777 1.12 874 20141219 1035 1.12 1164 20141223 893 1.12 1005 3 4 0.33180773 0.13659793 
600026 20150415 1035 1.12 1164 20150428 1426 1.12 1604 20150430 1275 1.12 1434 13 2 0.37800682 0.105985045 
600027 20150414 784 1.4 1098 20150504 963 1.4 1348 20150507 798 1.4 1117 20 3 0.22768664 0.17136496 
600028 20141204 625 1.66 1042 20141205 656 1.66 1093 20141209 590 1.66 983 1 4 0.048944354 0.100640416 
600028 20150105 714 1.66 1190 20150107 718 1.66 1197 20150119 624 1.66 1040 2 12 0.0058823824 0.13116121 
600028 20150417 734 1.66 1223 20150428 867 1.66 1445 20150506 775 1.66 1292 11 8 0.18152082 0.10588235 
600029 20150313 646 1.5 969 20150427 1113 1.5 1670 20150505 998 1.5 1497 45 8 0.7234262 0.10359281 
600030 20141230 3346 3.14 10540 20150107 3615 3.14 11387 20150113 3217 3.14 10134 8 6 0.08036053 0.110037744 
600030 20150422 3782 3.14 11913 20150422 3782 3.14 11913 20150504 3375 3.14 10631 0 12 0.0 0.107613504 
600031 20141205 755 36.0 27180 20141229 1022 36.0 36792 20150112 888 36.0 31968 24 14 0.35364234 0.13111544 
600031 20150330 1038 36.0 37368 20150422 1166 36.0 41976 20150429 1045 36.0 37620 23 7 0.12331402 0.103773594 
600033 20150320 452 5.06 2288 20150504 670 5.06 3392 20150506 597 5.06 3022 45 2 0.48251748 0.109080195 
600035 20150327 496 1.66 827 20150415 1045 1.66 1742 20150420 859 1.66 1432 19 5 1.1064086 0.17795634 
600036 20141126 1133 2.70 3059 20150105 1668 2.70 4504 20150119 1463 2.70 3950 40 14 0.47237659 0.123001754 
600037 20150112 1689 4.23 7148 20150325 2809 4.23 11887 20150415 2404 4.23 10173 72 21 0.6629827 0.14419115 
600037 20150421 2832 4.23 11985 20150423 3321 4.23 14054 20150505 2885 4.23 12209 2 12 0.17263246 0.13127935 
600038 20141205 4196 2.98 12532 20141208 4587 2.98 13700 20141209 4128 2.98 12329 3 1 0.0932014 0.10007298 
600038 20150204 4731 2.98 14130 20150304 5018 2.98 14987 20150415 4444 2.98 13273 28 42 0.060651064 0.11436576 
600039 20141126 530 6.29 3339 20141215 629 6.29 3963 20141222 517 6.29 3257 19 7 0.18688226 0.17814785 
600039 20150317 639 6.29 4026 20150422 824 6.29 5191 20150505 733 6.29 4618 36 13 0.2893691 0.11038333 
600048 20141124 647 16.9 10952 20150105 1190 16.9 20144 20150109 1068 16.9 18078 42 4 0.8392987 0.10256153 
600048 20150409 1302 16.9 22039 20150430 1497 16.9 25340 20150505 1347 16.9 22801 21 5 0.14977992 0.100197315 
600050 20141219 495 1.16 578 20150107 536 1.16 625 20150114 477 1.16 557 19 7 0.08131492 0.108799994 
600050 20150217 554 1.16 646 20150428 1054 1.16 1230 20150505 895 1.16 1044 70 7 0.9040247 0.15121949 
600051 20150317 1051 3.18 3352 20150424 1391 3.18 4436 20150506 1249 3.18 3984 38 12 0.32338905 0.101893604 
600052 20150413 866 3.0 2598 20150413 866 3.0 2598 20150420 777 3.0 2331 0 7 0.0 0.10277134 
600055 20150216 2649 4.82 12772 20150217 2661 4.82 12830 20150306 2357 4.82 11364 1 17 0.0045411587 0.114263415 
600055 20150325 2680 4.82 12921 20150413 3436 4.82 16566 20150415 3080 4.82 14850 19 2 0.2820989 0.10358566 
600056 20141203 1489 9.45 14071 20150106 1756 9.45 16594 20150202 1573 9.45 14865 34 27 0.17930496 0.10419428 
600056 20150323 1784 9.45 16859 20150504 2138 9.45 20204 20150506 1910 9.45 18050 42 2 0.19841039 0.10661256 
600057 20141208 1196 6.20 7417 20141215 1220 6.20 7566 20141222 1019 6.20 6319 7 7 0.02008903 0.16481626 
600057 20150217 1229 6.20 7622 20150422 1934 6.20 11994 20150427 1724 6.20 10691 64 5 0.5736027 0.10863763 
600058 20141203 1565 3.74 5869 20150105 1842 3.74 6907 20150109 1637 3.74 6139 33 4 0.17686152 0.11119157 
600058 20150320 1931 3.74 7241 20150407 2383 3.74 8936 20150415 2140 3.74 8025 18 8 0.23408365 0.10194719 
600058 20150420 2512 3.74 9420 20150423 2748 3.74 10305 20150507 2377 3.74 8914 3 14 0.09394908 0.134983 
600059 20150305 988 5.76 5691 20150424 1420 5.76 8179 20150505 1231 5.76 7091 50 11 0.43718147 0.13302362 
600060 20150114 1259 4.96 6246 20150302 2222 4.96 11024 20150306 1971 4.96 9779 47 4 0.7649696 0.112935424 
600060 20150318 2270 4.96 11262 20150325 2451 4.96 12160 20150409 2194 4.96 10885 7 15 0.07973719 0.10485196 
600060 20150422 2479 4.96 12299 20150424 2764 4.96 13713 20150506 2445 4.96 12130 2 12 0.11496866 0.115437925 
600061 20141119 779 4.62 3606 20141216 2782 4.62 12877 20141218 2334 4.62 10803 27 2 2.5709927 0.16106236 
600061 20150408 3051 4.62 14122 20150410 3113 4.62 14409 20150415 2735 4.62 12659 2 5 0.020322919 0.121451855 
600062 20150213 2430 3.60 8748 20150422 3015 3.60 10854 20150507 2665 3.60 9594 68 15 0.24074078 0.116086245 
600063 20141217 469 10.3 4863 20141226 502 10.3 5205 20150109 451 10.3 4676 9 14 0.070326924 0.10163307 
600063 20150304 509 10.3 5277 20150422 826 10.3 8564 20150505 705 10.3 7309 49 13 0.6228918 0.14654368 
600064 20150305 1945 3.52 6862 20150430 2300 5.29 12172 20150506 2030 5.29 10743 56 6 0.77382684 0.11740059 
600066 20141204 1984 15.3 30373 20150416 3314 15.3 50734 20150505 2932 15.3 44886 133 19 0.6703651 0.11526787 
600067 20141126 727 16.0 11673 20150105 827 16.0 13279 20150112 719 16.0 11544 40 7 0.13758242 0.13065743 
600068 20141226 969 3.21 3115 20141229 981 3.21 3153 20150112 841 3.21 2703 3 14 0.012199044 0.14272124 
600068 20150226 981 3.21 3153 20150504 1469 3.21 4722 20150505 1322 3.21 4249 67 1 0.4976213 0.10016942 
600069 20150319 588 5.48 3226 20150319 588 5.48 3226 20150330 527 5.48 2891 0 11 0.0 0.10384375 
600069 20150413 591 5.48 3242 20150427 656 5.48 3599 20150506 587 5.48 3220 14 9 0.1101172 0.10530704 
600070 20150330 1305 4.77 6236 20150424 1772 4.77 8468 20150506 1587 4.77 7584 25 12 0.35792172 0.104393005 
600071 20150226 1797 3.57 6418 20150413 2411 3.57 8611 20150415 2127 3.57 7596 46 2 0.3416952 0.11787248 
600071 20150422 2463 3.57 8796 20150422 2463 3.57 8796 20150428 2208 3.57 7886 0 6 0.0 0.10345614 
600072 20150316 1456 2.52 3669 20150429 2479 2.52 6247 20150505 2230 2.52 5620 44 6 0.70264375 0.1003682 
600074 20150227 694 8.20 5692 20150408 1331 8.20 10916 20150415 1121 8.20 9194 40 7 0.9177793 0.15775007 
600074 20150504 1428 8.20 11711 20150504 1428 8.20 11711 20150506 1241 8.20 10178 0 2 0.0 0.13090259 
600075 20150303 746 6.07 4532 20150422 1067 6.07 6482 20150507 920 6.07 5589 50 15 0.43027365 0.13776612 
600077 20141111 610 7.05 4302 20141121 694 7.05 4895 20141209 607 7.05 4281 10 18 0.1378429 0.1254341 
600077 20150304 718 7.05 5064 20150427 983 7.05 6933 20150507 826 7.05 5826 54 10 0.36907578 0.15967113 
600078 20150326 930 5.18 4821 20150423 1091 5.18 5656 20150505 977 5.18 5065 28 12 0.1732006 0.10449082 
600079 20150310 3175 7.42 23580 20150324 3682 7.42 27345 20150420 3255 7.42 24174 14 27 0.15966916 0.115962684 
600080 20150407 1414 4.32 6108 20150430 1626 4.32 7024 20150507 1374 4.32 5936 23 7 0.14996731 0.15489751 
600081 20141119 1671 5.4 9023 20141124 1741 5.4 9401 20141208 1538 5.4 8305 5 14 0.041892886 0.11658335 
600081 20150317 1766 5.4 9536 20150414 2209 5.4 11929 20150415 1988 5.4 10735 28 1 0.25094378 0.10009223 
600082 20150319 859 5.06 4349 20150422 946 5.06 4789 20150428 851 5.06 4308 34 6 0.101172686 0.100438476 
600083 20141125 1174 3.11 3652 20141127 1244 3.11 3870 20141205 1093 3.11 3400 2 8 0.059693336 0.12144703 
600084 20141203 602 5.78 3483 20141229 629 5.78 3639 20150119 536 5.78 3101 26 21 0.044788957 0.14784282 
600084 20150318 639 5.78 3697 20150413 788 5.78 4559 20150420 707 5.78 4090 26 7 0.23316205 0.102873445 
600084 20150423 792 5.78 4582 20150423 792 5.78 4582 20150506 712 5.78 4119 0 13 0.0 0.101047575 
600085 20141204 2184 9.29 20308 20150116 2443 9.29 22716 20150210 2145 9.29 19945 43 25 0.118573904 0.12198448 
600085 20150323 2446 9.29 22744 20150414 3389 9.29 31513 20150506 3013 9.29 28016 22 22 0.3855523 0.11097008 
600088 20150325 2360 2.25 5310 20150408 2870 2.25 6458 20150415 2560 2.25 5760 14 7 0.21619582 0.10808301 
600089 20141215 1210 16.9 20482 20150106 1344 16.9 22750 20150202 1189 16.9 20127 22 27 0.11073136 0.11529672 
600089 20150326 1346 16.9 22784 20150423 1870 16.9 31654 20150506 1625 16.9 27507 28 13 0.38930833 0.1310103 
600091 20150323 723 2.0 1446 20150428 978 2.0 1956 20150507 867 2.0 1734 36 9 0.35269713 0.11349696 
600093 20150302 1350 4.28 5786 20150413 1903 4.28 8156 20150420 1634 4.28 7003 42 7 0.40960944 0.14136833 
600094 20141217 849 1.75 1486 20150410 1799 1.75 3148 20150420 1597 1.75 2795 114 10 1.1184387 0.112134695 
600095 20150304 782 2.56 2002 20150318 1377 2.56 3525 20150415 1162 2.56 2975 14 28 0.7607392 0.15602839 
600096 20141217 1078 1.85 2005 20150107 1359 1.85 2527 20150114 1200 1.85 2232 21 7 0.26034915 0.11673921 
600096 20150203 1369 1.85 2546 20150203 1369 1.85 2546 20150206 1224 1.85 2276 0 3 0.0 0.1060487 
600096 20150309 1413 1.85 2628 20150427 1662 1.85 3091 20150505 1473 1.85 2739 49 8 0.17617965 0.113879025 
600097 20150126 1551 1.33 2068 20150127 1569 1.33 2092 20150206 1394 1.33 1859 1 10 0.011605382 0.1113767 
600097 20150309 1569 1.33 2092 20150429 1885 1.33 2513 20150506 1685 1.33 2247 51 7 0.2012428 0.105849564 
600098 20150309 974 3.37 3287 20150422 1202 3.37 4057 20150506 1051 3.37 3547 44 14 0.23425615 0.12570864 
600100 20141114 1179 15.1 17906 20141215 1387 15.1 21065 20141222 1209 15.1 18362 31 7 0.17642128 0.12831712 
600101 20141125 943 3.84 3621 20150504 1417 3.84 5441 20150506 1253 3.84 4812 160 2 0.50262356 0.115603745 
600103 20150317 443 2.93 1302 20150505 746 2.93 2192 20150507 641 2.93 1884 49 2 0.6835637 0.14051098 
